#abstract1.dat AMPL data format 

 
param m := 21 ;
param n :=1300 ;

param gastos_fijos := 5000000;
param tra_permitidos := 75;
param cont_max := 100;
param prod_min:= 17000;
param gan_min :=200;
param presupuesto := 30000000;
param fase := 1;
param precio_etico := 1600;
param min_tra := 25;

 
param C:= 
1 300
2 300
3 300
4 300
5 780
6 300
7 300
8 300
9 300
10 300
11 300
12 300
13 300
14 180
15 180
16 180
17 300
18 300
19 520
20 610
21 580
;

param Q:= 
1 250
2 250
3 250
4 250
5 70
6 250
7 250
8 250
9 250
10 250
11 250
12 250
13 250
14 300
15 300
16 300
17 250
18 250
19 150
20 100
21 90
;

param F:= 
1 2
2 2
3 2
4 2
5 2
6 2
7 2
8 2
9 2
10 2
11 2
12 2
13 2
14 2
15 2
16 2
17 2
18 2
19 2
20 2
21 2
22 2
23 2
24 2
25 2
26 2
27 2
28 2
29 2
30 2
31 2
32 2
33 2
34 2
35 2
36 2
37 2
38 2
39 2
40 2
41 2
42 2
43 2
44 2
45 2
46 2
47 2
48 2
49 2
50 2
51 2
52 2
53 2
54 2
55 2
56 2
57 2
58 2
59 2
60 2
61 2
62 2
63 2
64 2
65 2
66 2
67 2
68 2
69 2
70 2
71 2
72 2
73 2
74 2
75 2
76 2
77 2
78 2
79 2
80 2
81 2
82 2
83 2
84 2
85 2
86 2
87 2
88 2
89 2
90 2
91 2
92 2
93 2
94 2
95 2
96 2
97 2
98 2
99 2
100 2
101 2
102 2
103 2
104 2
105 2
106 2
107 2
108 2
109 2
110 2
111 2
112 2
113 2
114 2
115 2
116 2
117 2
118 2
119 2
120 2
121 2
122 2
123 2
124 2
125 2
126 2
127 2
128 2
129 2
130 2
131 2
132 2
133 2
134 2
135 2
136 2
137 2
138 2
139 2
140 2
141 2
142 2
143 2
144 2
145 2
146 2
147 2
148 2
149 2
150 2
151 2
152 2
153 2
154 2
155 2
156 2
157 2
158 2
159 2
160 2
161 2
162 2
163 2
164 2
165 2
166 2
167 2
168 2
169 2
170 2
171 2
172 2
173 2
174 2
175 2
176 2
177 2
178 2
179 2
180 2
181 2
182 2
183 2
184 2
185 2
186 2
187 2
188 2
189 2
190 2
191 2
192 2
193 2
194 2
195 2
196 2
197 2
198 2
199 2
200 2
201 2
202 2
203 2
204 2
205 2
206 2
207 2
208 2
209 2
210 2
211 2
212 2
213 2
214 2
215 2
216 2
217 2
218 2
219 2
220 2
221 2
222 2
223 2
224 2
225 2
226 2
227 2
228 2
229 2
230 2
231 2
232 2
233 2
234 2
235 2
236 2
237 2
238 2
239 2
240 2
241 2
242 2
243 2
244 2
245 2
246 2
247 2
248 2
249 2
250 2
251 2
252 2
253 2
254 2
255 2
256 2
257 2
258 2
259 2
260 2
261 2
262 2
263 2
264 2
265 2
266 2
267 2
268 2
269 2
270 2
271 2
272 2
273 2
274 2
275 2
276 2
277 2
278 2
279 2
280 2
281 2
282 2
283 2
284 2
285 2
286 2
287 2
288 2
289 2
290 2
291 2
292 2
293 2
294 2
295 2
296 2
297 2
298 2
299 2
300 2
301 2
302 2
303 2
304 2
305 2
306 2
307 2
308 2
309 2
310 2
311 2
312 2
313 2
314 2
315 2
316 2
317 2
318 2
319 2
320 2
321 2
322 2
323 2
324 2
325 2
326 2
327 2
328 2
329 2
330 2
331 2
332 2
333 2
334 2
335 2
336 2
337 2
338 2
339 2
340 2
341 2
342 2
343 2
344 2
345 2
346 2
347 2
348 2
349 2
350 2
351 2
352 2
353 2
354 2
355 2
356 2
357 2
358 2
359 2
360 2
361 2
362 2
363 2
364 2
365 2
366 2
367 2
368 2
369 2
370 2
371 2
372 2
373 2
374 2
375 2
376 2
377 2
378 2
379 2
380 2
381 2
382 2
383 2
384 2
385 2
386 2
387 2
388 2
389 2
390 2
391 2
392 2
393 2
394 2
395 2
396 2
397 2
398 2
399 2
400 2
401 2
402 2
403 2
404 2
405 2
406 2
407 2
408 2
409 2
410 2
411 2
412 2
413 2
414 2
415 2
416 2
417 2
418 2
419 2
420 2
421 2
422 2
423 2
424 2
425 2
426 2
427 2
428 2
429 2
430 2
431 2
432 2
433 2
434 2
435 2
436 2
437 2
438 2
439 2
440 2
441 2
442 2
443 2
444 2
445 2
446 2
447 2
448 2
449 2
450 2
451 2
452 2
453 2
454 2
455 2
456 2
457 2
458 2
459 2
460 2
461 2
462 2
463 2
464 2
465 2
466 2
467 2
468 2
469 2
470 2
471 2
472 2
473 2
474 2
475 2
476 2
477 2
478 2
479 2
480 2
481 2
482 2
483 2
484 2
485 2
486 2
487 2
488 2
489 2
490 2
491 2
492 2
493 2
494 2
495 2
496 2
497 2
498 2
499 2
500 2
501 2
502 2
503 2
504 2
505 2
506 2
507 2
508 2
509 2
510 2
511 2
512 2
513 2
514 2
515 2
516 2
517 2
518 2
519 2
520 2
521 2
522 2
523 2
524 2
525 2
526 2
527 2
528 2
529 2
530 2
531 2
532 2
533 2
534 2
535 2
536 2
537 2
538 2
539 2
540 2
541 2
542 2
543 2
544 2
545 2
546 2
547 2
548 2
549 2
550 2
551 2
552 2
553 2
554 2
555 2
556 2
557 2
558 2
559 2
560 2
561 2
562 2
563 2
564 2
565 2
566 2
567 2
568 2
569 2
570 2
571 2
572 2
573 2
574 2
575 2
576 2
577 2
578 2
579 2
580 2
581 2
582 2
583 2
584 2
585 2
586 2
587 2
588 2
589 2
590 2
591 2
592 2
593 2
594 2
595 2
596 2
597 2
598 2
599 2
600 2
601 2
602 2
603 2
604 2
605 2
606 2
607 2
608 2
609 2
610 2
611 2
612 2
613 2
614 2
615 2
616 2
617 2
618 2
619 2
620 2
621 2
622 2
623 2
624 2
625 2
626 2
627 2
628 2
629 2
630 2
631 2
632 2
633 2
634 2
635 2
636 2
637 2
638 2
639 2
640 2
641 2
642 2
643 2
644 2
645 2
646 2
647 2
648 2
649 2
650 2
651 2
652 2
653 2
654 2
655 2
656 2
657 2
658 2
659 2
660 2
661 2
662 2
663 2
664 2
665 2
666 2
667 2
668 2
669 2
670 2
671 2
672 2
673 2
674 2
675 2
676 2
677 2
678 2
679 2
680 2
681 2
682 2
683 2
684 2
685 2
686 2
687 2
688 2
689 2
690 2
691 2
692 2
693 2
694 2
695 2
696 2
697 2
698 2
699 2
700 2
701 2
702 2
703 2
704 2
705 2
706 2
707 2
708 2
709 2
710 2
711 2
712 2
713 2
714 2
715 2
716 2
717 2
718 2
719 2
720 2
721 2
722 2
723 2
724 2
725 2
726 2
727 2
728 2
729 2
730 2
731 2
732 2
733 2
734 2
735 2
736 2
737 2
738 2
739 2
740 2
741 2
742 2
743 2
744 2
745 2
746 2
747 2
748 2
749 2
750 2
751 2
752 2
753 2
754 2
755 2
756 2
757 2
758 2
759 2
760 2
761 2
762 2
763 2
764 2
765 2
766 2
767 2
768 2
769 2
770 2
771 2
772 2
773 2
774 2
775 2
776 2
777 2
778 2
779 2
780 2
781 2
782 2
783 2
784 2
785 2
786 2
787 2
788 2
789 2
790 2
791 2
792 2
793 2
794 2
795 2
796 2
797 2
798 2
799 2
800 2
801 2
802 2
803 2
804 2
805 2
806 2
807 2
808 2
809 2
810 2
811 2
812 2
813 2
814 2
815 2
816 2
817 2
818 2
819 2
820 2
821 2
822 2
823 2
824 2
825 2
826 2
827 2
828 2
829 2
830 2
831 2
832 2
833 2
834 2
835 2
836 2
837 2
838 2
839 2
840 2
841 2
842 2
843 2
844 2
845 2
846 2
847 2
848 2
849 2
850 2
851 2
852 2
853 2
854 2
855 2
856 2
857 2
858 2
859 2
860 2
861 2
862 2
863 2
864 2
865 2
866 2
867 2
868 2
869 2
870 2
871 2
872 2
873 2
874 2
875 2
876 2
877 2
878 2
879 2
880 2
881 2
882 2
883 2
884 2
885 2
886 2
887 2
888 2
889 2
890 2
891 2
892 2
893 2
894 2
895 2
896 2
897 2
898 2
899 2
900 2
901 2
902 2
903 2
904 2
905 2
906 2
907 2
908 2
909 2
910 2
911 2
912 2
913 2
914 2
915 2
916 2
917 2
918 2
919 2
920 2
921 2
922 2
923 2
924 2
925 2
926 2
927 2
928 2
929 2
930 2
931 2
932 2
933 2
934 2
935 2
936 2
937 2
938 2
939 2
940 2
941 2
942 2
943 2
944 2
945 2
946 2
947 2
948 2
949 2
950 2
951 2
952 2
953 2
954 2
955 2
956 2
957 2
958 2
959 2
960 2
961 2
962 2
963 2
964 2
965 2
966 2
967 2
968 2
969 2
970 2
971 2
972 2
973 2
974 2
975 2
976 2
977 2
978 2
979 2
980 2
981 2
982 2
983 2
984 2
985 2
986 2
987 2
988 2
989 2
990 2
991 2
992 2
993 2
994 2
995 2
996 2
997 2
998 2
999 2
1000 2
1001 2
1002 2
1003 2
1004 2
1005 2
1006 2
1007 2
1008 2
1009 2
1010 2
1011 2
1012 2
1013 2
1014 2
1015 2
1016 2
1017 2
1018 2
1019 2
1020 2
1021 2
1022 2
1023 2
1024 2
1025 2
1026 2
1027 2
1028 2
1029 2
1030 2
1031 2
1032 2
1033 2
1034 2
1035 2
1036 2
1037 2
1038 2
1039 2
1040 2
1041 2
1042 2
1043 2
1044 2
1045 2
1046 2
1047 2
1048 2
1049 2
1050 2
1051 2
1052 2
1053 2
1054 2
1055 2
1056 2
1057 2
1058 2
1059 2
1060 2
1061 2
1062 2
1063 2
1064 2
1065 2
1066 2
1067 2
1068 2
1069 2
1070 2
1071 2
1072 2
1073 2
1074 2
1075 2
1076 2
1077 2
1078 2
1079 2
1080 2
1081 2
1082 2
1083 2
1084 2
1085 2
1086 2
1087 2
1088 2
1089 2
1090 2
1091 2
1092 2
1093 2
1094 2
1095 2
1096 2
1097 2
1098 2
1099 2
1100 2
1101 2
1102 2
1103 2
1104 2
1105 2
1106 2
1107 2
1108 2
1109 2
1110 2
1111 2
1112 2
1113 2
1114 2
1115 2
1116 2
1117 2
1118 2
1119 2
1120 2
1121 2
1122 2
1123 2
1124 2
1125 2
1126 2
1127 2
1128 2
1129 2
1130 2
1131 2
1132 2
1133 2
1134 2
1135 2
1136 2
1137 2
1138 2
1139 2
1140 2
1141 2
1142 2
1143 2
1144 2
1145 2
1146 2
1147 2
1148 2
1149 2
1150 2
1151 2
1152 2
1153 2
1154 2
1155 2
1156 2
1157 2
1158 2
1159 2
1160 2
1161 2
1162 2
1163 2
1164 2
1165 2
1166 2
1167 2
1168 2
1169 2
1170 2
1171 2
1172 2
1173 2
1174 2
1175 2
1176 2
1177 2
1178 2
1179 2
1180 2
1181 2
1182 2
1183 2
1184 2
1185 2
1186 2
1187 2
1188 2
1189 2
1190 2
1191 2
1192 2
1193 2
1194 2
1195 2
1196 2
1197 2
1198 2
1199 2
1200 2
1201 2
1202 2
1203 2
1204 2
1205 2
1206 2
1207 2
1208 2
1209 2
1210 2
1211 2
1212 2
1213 2
1214 2
1215 2
1216 2
1217 2
1218 2
1219 2
1220 2
1221 2
1222 2
1223 2
1224 2
1225 2
1226 2
1227 2
1228 2
1229 2
1230 2
1231 2
1232 2
1233 2
1234 2
1235 2
1236 2
1237 2
1238 2
1239 2
1240 2
1241 2
1242 2
1243 2
1244 2
1245 2
1246 2
1247 2
1248 2
1249 2
1250 2
1251 2
1252 2
1253 2
1254 2
1255 2
1256 2
1257 2
1258 2
1259 2
1260 2
1261 2
1262 2
1263 2
1264 2
1265 2
1266 2
1267 2
1268 2
1269 2
1270 2
1271 2
1272 2
1273 2
1274 2
1275 2
1276 2
1277 2
1278 2
1279 2
1280 2
1281 2
1282 2
1283 2
1284 2
1285 2
1286 2
1287 2
1288 2
1289 2
1290 2
1291 2
1292 2
1293 2
1294 2
1295 2
1296 2
1297 2
1298 2
1299 2
1300 2
; 
 
param S:= 
1 2700
2 2700
3 3000
4 2700
5 2700
6 2500
7 2700
8 3000
9 3000
10 2700
11 3000
12 2700
13 3000
14 2500
15 2500
16 2700
17 2500
18 2700
19 2500
20 2700
21 2500
22 3000
23 2700
24 2500
25 3000
26 2700
27 2500
28 2700
29 2700
30 3000
31 2700
32 3000
33 2700
34 2500
35 2700
36 2700
37 2500
38 2700
39 2700
40 3000
41 3000
42 3000
43 3000
44 2500
45 2700
46 2500
47 2700
48 2500
49 2500
50 3000
51 2500
52 3000
53 2700
54 3000
55 2500
56 2500
57 2700
58 3000
59 2700
60 2700
61 3000
62 2500
63 2700
64 2500
65 2500
66 2500
67 3000
68 3000
69 2500
70 2700
71 2700
72 3000
73 2500
74 2700
75 2500
76 3000
77 3000
78 2700
79 2700
80 2500
81 3000
82 2500
83 3000
84 2700
85 3000
86 2500
87 2500
88 2500
89 2500
90 3000
91 3000
92 2700
93 2500
94 2700
95 2500
96 2700
97 2700
98 2700
99 2700
100 2500
101 3000
102 2500
103 2700
104 3000
105 3000
106 2700
107 2700
108 3000
109 2500
110 3000
111 3000
112 2500
113 3000
114 3000
115 2700
116 2700
117 2500
118 3000
119 2500
120 2500
121 2700
122 2500
123 2500
124 3000
125 2500
126 3000
127 2700
128 3000
129 2500
130 2500
131 3000
132 2500
133 3000
134 3000
135 2500
136 2700
137 3000
138 2500
139 3000
140 2500
141 2700
142 2500
143 2700
144 2700
145 2700
146 3000
147 2700
148 2500
149 2500
150 2700
151 3000
152 2700
153 3000
154 2700
155 2500
156 2700
157 2500
158 2700
159 3000
160 3000
161 3000
162 2500
163 2700
164 3000
165 2500
166 2500
167 3000
168 3000
169 3000
170 2500
171 2500
172 3000
173 3000
174 3000
175 2500
176 2700
177 2700
178 2700
179 3000
180 2700
181 3000
182 2700
183 2700
184 3000
185 2700
186 2500
187 3000
188 2500
189 2700
190 2700
191 2500
192 3000
193 2500
194 2700
195 3000
196 2500
197 2700
198 2700
199 3000
200 2500
201 2500
202 2700
203 3000
204 3000
205 3000
206 2500
207 2500
208 3000
209 2700
210 3000
211 3000
212 3000
213 3000
214 2700
215 2500
216 2700
217 2700
218 2500
219 2500
220 2500
221 2700
222 3000
223 2700
224 2500
225 2700
226 2500
227 2500
228 3000
229 2700
230 2500
231 2500
232 2700
233 2700
234 2500
235 3000
236 3000
237 3000
238 3000
239 2700
240 3000
241 2500
242 2700
243 3000
244 2700
245 2700
246 3000
247 3000
248 2500
249 2500
250 2500
251 2500
252 2700
253 2500
254 2700
255 2500
256 3000
257 3000
258 3000
259 3000
260 2500
261 3000
262 2700
263 2500
264 2700
265 2500
266 2500
267 3000
268 3000
269 2500
270 2700
271 2700
272 2500
273 2500
274 2500
275 2700
276 3000
277 2700
278 2700
279 2700
280 3000
281 2700
282 2700
283 2500
284 2700
285 2500
286 3000
287 3000
288 2700
289 2500
290 2700
291 3000
292 2500
293 2500
294 2500
295 2700
296 2500
297 2500
298 2500
299 3000
300 2700
301 2700
302 3000
303 2700
304 2500
305 2700
306 3000
307 2500
308 3000
309 2500
310 3000
311 2700
312 2700
313 2700
314 3000
315 2700
316 2500
317 2500
318 3000
319 2500
320 2700
321 2700
322 2500
323 3000
324 2500
325 2500
326 3000
327 2500
328 3000
329 2700
330 2500
331 2700
332 2700
333 3000
334 3000
335 3000
336 2700
337 3000
338 3000
339 2700
340 2500
341 2500
342 3000
343 3000
344 2700
345 3000
346 2500
347 3000
348 3000
349 3000
350 3000
351 2700
352 3000
353 3000
354 3000
355 3000
356 2700
357 2500
358 2700
359 3000
360 2500
361 2500
362 2500
363 3000
364 2700
365 3000
366 3000
367 2500
368 2500
369 2500
370 3000
371 2500
372 2500
373 3000
374 2500
375 2500
376 2700
377 2700
378 2700
379 2700
380 2700
381 3000
382 2500
383 2500
384 2700
385 3000
386 2700
387 2500
388 2700
389 3000
390 2700
391 2500
392 2700
393 3000
394 2500
395 2500
396 2500
397 2700
398 3000
399 3000
400 2700
401 2500
402 3000
403 3000
404 2700
405 3000
406 3000
407 2700
408 2500
409 2500
410 3000
411 2500
412 2700
413 2500
414 2500
415 2500
416 2500
417 3000
418 3000
419 2500
420 2700
421 3000
422 2500
423 3000
424 3000
425 2500
426 2700
427 3000
428 2700
429 2700
430 2700
431 3000
432 2700
433 2700
434 2700
435 2500
436 2700
437 2500
438 2700
439 2700
440 2700
441 3000
442 3000
443 2700
444 2700
445 2500
446 2700
447 3000
448 3000
449 2500
450 2500
451 2500
452 2500
453 2700
454 2700
455 3000
456 3000
457 3000
458 3000
459 2500
460 2500
461 2700
462 3000
463 2500
464 2500
465 2500
466 3000
467 3000
468 2700
469 2700
470 2500
471 2700
472 2500
473 3000
474 2700
475 2700
476 2500
477 2700
478 2700
479 3000
480 2700
481 3000
482 2700
483 3000
484 3000
485 2700
486 2700
487 2700
488 2700
489 2500
490 3000
491 3000
492 3000
493 2500
494 2700
495 3000
496 2700
497 2500
498 3000
499 2500
500 2700
501 3000
502 3000
503 3000
504 2700
505 2700
506 3000
507 2500
508 2700
509 3000
510 2700
511 2500
512 3000
513 2700
514 2500
515 2700
516 2700
517 2500
518 3000
519 3000
520 3000
521 2700
522 2700
523 2700
524 2500
525 2700
526 2500
527 2700
528 2500
529 2500
530 2500
531 3000
532 2700
533 2700
534 2500
535 2700
536 2500
537 3000
538 3000
539 3000
540 3000
541 2700
542 2500
543 2700
544 2700
545 2500
546 2700
547 2500
548 2700
549 2500
550 3000
551 2700
552 2700
553 2500
554 3000
555 2500
556 3000
557 3000
558 3000
559 2700
560 2500
561 2500
562 2500
563 3000
564 2700
565 3000
566 2700
567 2500
568 2700
569 3000
570 3000
571 2500
572 2500
573 2500
574 2500
575 2500
576 2500
577 3000
578 2700
579 2500
580 2700
581 2700
582 2700
583 2700
584 2700
585 2700
586 2700
587 3000
588 2700
589 2500
590 3000
591 2500
592 2500
593 2500
594 2500
595 2500
596 2500
597 3000
598 2700
599 2500
600 2500
601 2500
602 2700
603 3000
604 2700
605 2500
606 2700
607 2500
608 2700
609 3000
610 2500
611 2500
612 2500
613 2700
614 3000
615 3000
616 2700
617 2700
618 3000
619 2500
620 3000
621 2700
622 2700
623 2500
624 3000
625 2500
626 2700
627 2700
628 2700
629 2500
630 2700
631 3000
632 3000
633 2500
634 2500
635 2700
636 2500
637 2700
638 2700
639 2500
640 2700
641 2500
642 2700
643 2500
644 2700
645 2500
646 3000
647 2500
648 2700
649 2500
650 2700
651 2700
652 2500
653 2700
654 2500
655 3000
656 2500
657 2700
658 3000
659 2500
660 2500
661 2700
662 2700
663 2500
664 2700
665 2500
666 2500
667 3000
668 3000
669 2700
670 2700
671 2500
672 3000
673 2500
674 3000
675 2700
676 3000
677 2500
678 3000
679 3000
680 2500
681 2500
682 2700
683 3000
684 3000
685 2500
686 2700
687 2500
688 3000
689 3000
690 3000
691 3000
692 3000
693 2500
694 2700
695 2500
696 2700
697 2700
698 2700
699 3000
700 3000
701 2700
702 2700
703 2500
704 2500
705 2500
706 3000
707 3000
708 3000
709 2500
710 3000
711 2500
712 2500
713 3000
714 3000
715 3000
716 2500
717 3000
718 3000
719 2500
720 2700
721 2700
722 3000
723 3000
724 2500
725 3000
726 3000
727 2500
728 2500
729 2500
730 3000
731 2700
732 2700
733 3000
734 3000
735 2700
736 2700
737 3000
738 3000
739 3000
740 2500
741 3000
742 2700
743 2700
744 3000
745 3000
746 2700
747 2700
748 2700
749 3000
750 2500
751 2500
752 2500
753 2700
754 2700
755 2700
756 2500
757 2500
758 2500
759 2500
760 3000
761 2500
762 2500
763 3000
764 2500
765 2700
766 3000
767 3000
768 3000
769 3000
770 3000
771 2500
772 3000
773 2500
774 2500
775 3000
776 2700
777 2500
778 2700
779 2500
780 3000
781 3000
782 2700
783 2500
784 2700
785 2700
786 3000
787 3000
788 2500
789 3000
790 2700
791 2500
792 2500
793 2500
794 3000
795 2700
796 2500
797 3000
798 2700
799 3000
800 3000
801 2500
802 2700
803 2500
804 2700
805 2500
806 2500
807 3000
808 2700
809 2500
810 3000
811 2500
812 3000
813 2700
814 2700
815 2700
816 2500
817 2700
818 3000
819 2700
820 2500
821 2700
822 2500
823 2700
824 2700
825 2500
826 2700
827 2500
828 2500
829 3000
830 2500
831 2700
832 3000
833 3000
834 2500
835 3000
836 2700
837 2700
838 2500
839 2700
840 2700
841 3000
842 3000
843 3000
844 2500
845 2500
846 2500
847 3000
848 2700
849 2700
850 2700
851 2700
852 2500
853 2500
854 2500
855 2700
856 2700
857 3000
858 2500
859 2500
860 3000
861 3000
862 3000
863 2500
864 2500
865 3000
866 2700
867 3000
868 2500
869 2500
870 2500
871 2500
872 2700
873 2500
874 3000
875 2700
876 3000
877 2500
878 2700
879 2500
880 2700
881 2700
882 2700
883 2500
884 3000
885 2500
886 2700
887 2500
888 2500
889 3000
890 2700
891 3000
892 2700
893 3000
894 2500
895 2700
896 3000
897 2700
898 3000
899 2500
900 2500
901 2500
902 2700
903 2700
904 2700
905 2500
906 3000
907 2700
908 3000
909 2700
910 2700
911 2700
912 2500
913 2500
914 2500
915 3000
916 2500
917 2700
918 2700
919 2500
920 3000
921 3000
922 2700
923 2700
924 2500
925 3000
926 2500
927 2500
928 2700
929 2700
930 2700
931 3000
932 2500
933 2700
934 2500
935 2700
936 2500
937 2700
938 2500
939 3000
940 2700
941 3000
942 2700
943 2700
944 3000
945 2700
946 2500
947 3000
948 2700
949 2700
950 2500
951 2500
952 3000
953 2700
954 2700
955 2700
956 3000
957 2500
958 2700
959 3000
960 3000
961 2700
962 2500
963 2500
964 2500
965 2500
966 2700
967 3000
968 2700
969 2500
970 2500
971 3000
972 3000
973 2700
974 2700
975 3000
976 2700
977 2700
978 2700
979 2700
980 2500
981 2700
982 3000
983 2500
984 2500
985 2700
986 2700
987 2500
988 2700
989 2500
990 2700
991 3000
992 3000
993 2700
994 2500
995 2700
996 3000
997 3000
998 3000
999 2700
1000 3000
1001 3000
1002 2700
1003 2700
1004 3000
1005 3000
1006 3000
1007 2700
1008 3000
1009 2700
1010 2500
1011 2500
1012 2500
1013 3000
1014 2500
1015 2700
1016 2500
1017 2700
1018 2700
1019 3000
1020 3000
1021 2500
1022 2700
1023 2700
1024 2500
1025 2500
1026 2500
1027 2500
1028 2700
1029 2700
1030 2500
1031 3000
1032 2700
1033 2700
1034 2500
1035 2700
1036 2700
1037 2500
1038 2500
1039 2500
1040 2700
1041 2700
1042 2700
1043 2700
1044 3000
1045 2700
1046 2500
1047 3000
1048 3000
1049 2500
1050 2700
1051 3000
1052 3000
1053 3000
1054 2700
1055 2500
1056 2700
1057 3000
1058 2700
1059 3000
1060 2700
1061 2700
1062 3000
1063 2500
1064 2500
1065 2500
1066 2700
1067 2700
1068 2500
1069 3000
1070 2700
1071 2500
1072 2500
1073 2500
1074 2700
1075 2700
1076 2500
1077 2500
1078 2700
1079 2500
1080 2500
1081 3000
1082 2500
1083 2700
1084 2500
1085 2500
1086 2700
1087 3000
1088 2500
1089 2700
1090 3000
1091 3000
1092 3000
1093 2700
1094 2700
1095 2700
1096 2700
1097 2700
1098 2500
1099 2500
1100 3000
1101 2500
1102 2700
1103 2500
1104 2700
1105 2500
1106 3000
1107 2700
1108 2500
1109 2500
1110 2500
1111 2500
1112 3000
1113 2700
1114 3000
1115 2500
1116 2700
1117 3000
1118 3000
1119 3000
1120 3000
1121 2700
1122 2500
1123 2700
1124 2500
1125 2500
1126 2700
1127 2500
1128 3000
1129 2500
1130 3000
1131 3000
1132 3000
1133 2500
1134 2500
1135 2500
1136 2700
1137 2700
1138 2700
1139 2500
1140 2500
1141 2700
1142 2500
1143 3000
1144 2700
1145 3000
1146 3000
1147 2500
1148 2700
1149 3000
1150 3000
1151 2700
1152 2500
1153 2700
1154 2700
1155 3000
1156 2700
1157 2700
1158 3000
1159 2700
1160 2500
1161 2500
1162 2700
1163 2500
1164 2700
1165 2500
1166 2500
1167 3000
1168 3000
1169 3000
1170 2700
1171 3000
1172 3000
1173 3000
1174 3000
1175 3000
1176 2700
1177 3000
1178 3000
1179 3000
1180 2700
1181 2700
1182 2700
1183 2700
1184 3000
1185 3000
1186 2500
1187 2500
1188 2500
1189 3000
1190 3000
1191 2500
1192 2500
1193 3000
1194 2700
1195 2700
1196 3000
1197 3000
1198 2500
1199 3000
1200 2500
1201 2700
1202 2700
1203 3000
1204 2500
1205 2700
1206 2700
1207 3000
1208 2500
1209 2700
1210 3000
1211 2700
1212 3000
1213 3000
1214 3000
1215 3000
1216 2500
1217 2500
1218 3000
1219 2700
1220 2700
1221 3000
1222 2700
1223 2500
1224 3000
1225 2500
1226 3000
1227 2500
1228 2700
1229 2700
1230 2700
1231 3000
1232 2700
1233 2500
1234 2500
1235 2700
1236 3000
1237 2700
1238 2500
1239 2500
1240 2500
1241 3000
1242 2700
1243 2500
1244 2500
1245 3000
1246 2500
1247 3000
1248 3000
1249 2700
1250 2500
1251 3000
1252 3000
1253 3000
1254 2500
1255 3000
1256 2500
1257 3000
1258 3000
1259 2500
1260 2700
1261 2700
1262 2500
1263 2700
1264 3000
1265 2500
1266 3000
1267 2700
1268 3000
1269 3000
1270 3000
1271 3000
1272 2700
1273 3000
1274 3000
1275 2700
1276 2500
1277 2700
1278 3000
1279 3000
1280 2700
1281 3000
1282 2700
1283 2500
1284 3000
1285 2500
1286 2700
1287 3000
1288 2500
1289 3000
1290 2700
1291 3000
1292 2500
1293 3000
1294 3000
1295 2500
1296 3000
1297 3000
1298 2500
1299 3000
1300 3000
; 
 
param D:= 
1 5
2 20
3 20
4 16
5 24
6 16
7 10
8 20
9 10
10 10
11 10
12 24
13 10
14 12
15 9
16 10
17 7
18 16
19 10
20 24
21 18
22 12
23 12
24 10
25 18
26 10
27 10
28 12
29 12
30 20
31 10
32 24
33 5
34 27
35 16
36 17
37 10
38 24
39 10
40 7
41 12
42 16
43 16
44 16
45 20
46 16
47 27
48 20
49 10
50 16
51 20
52 16
53 10
54 16
55 24
56 5
57 20
58 20
59 10
60 18
61 17
62 16
63 10
64 12
65 12
66 7
67 27
68 12
69 9
70 10
71 10
72 27
73 12
74 24
75 18
76 12
77 12
78 20
79 20
80 20
81 9
82 27
83 16
84 10
85 12
86 10
87 9
88 24
89 12
90 12
91 12
92 9
93 27
94 10
95 24
96 12
97 10
98 10
99 10
100 10
101 10
102 7
103 18
104 12
105 24
106 18
107 24
108 10
109 27
110 7
111 7
112 12
113 7
114 12
115 18
116 17
117 12
118 20
119 17
120 7
121 10
122 10
123 10
124 18
125 5
126 7
127 10
128 20
129 12
130 12
131 12
132 10
133 10
134 20
135 24
136 10
137 10
138 10
139 16
140 10
141 17
142 20
143 7
144 12
145 20
146 16
147 7
148 5
149 24
150 12
151 17
152 16
153 7
154 10
155 9
156 20
157 7
158 27
159 10
160 10
161 9
162 20
163 10
164 27
165 18
166 12
167 18
168 20
169 16
170 10
171 20
172 27
173 17
174 17
175 18
176 10
177 12
178 27
179 12
180 10
181 7
182 12
183 17
184 12
185 5
186 10
187 12
188 17
189 12
190 20
191 10
192 12
193 7
194 9
195 10
196 10
197 5
198 10
199 17
200 20
201 12
202 7
203 20
204 12
205 18
206 9
207 7
208 10
209 18
210 18
211 12
212 7
213 20
214 10
215 10
216 10
217 16
218 27
219 10
220 9
221 20
222 10
223 18
224 12
225 10
226 7
227 12
228 18
229 9
230 10
231 18
232 16
233 20
234 10
235 20
236 10
237 12
238 12
239 16
240 9
241 27
242 10
243 18
244 16
245 10
246 10
247 27
248 7
249 20
250 20
251 7
252 9
253 10
254 17
255 10
256 24
257 24
258 12
259 10
260 5
261 5
262 20
263 7
264 7
265 10
266 18
267 7
268 17
269 12
270 7
271 27
272 20
273 7
274 20
275 20
276 17
277 20
278 12
279 20
280 9
281 20
282 9
283 16
284 5
285 10
286 9
287 10
288 17
289 20
290 10
291 10
292 17
293 7
294 27
295 18
296 16
297 24
298 10
299 20
300 16
301 10
302 7
303 10
304 27
305 7
306 27
307 17
308 12
309 24
310 16
311 10
312 10
313 7
314 12
315 7
316 10
317 7
318 10
319 10
320 7
321 18
322 27
323 10
324 10
325 20
326 12
327 10
328 12
329 10
330 17
331 20
332 20
333 10
334 24
335 10
336 10
337 10
338 7
339 7
340 16
341 7
342 20
343 12
344 27
345 17
346 20
347 9
348 9
349 16
350 20
351 20
352 17
353 20
354 27
355 17
356 5
357 20
358 16
359 9
360 5
361 9
362 17
363 12
364 12
365 10
366 10
367 12
368 18
369 10
370 12
371 7
372 18
373 20
374 10
375 10
376 10
377 10
378 12
379 9
380 20
381 20
382 9
383 7
384 20
385 12
386 18
387 12
388 10
389 20
390 17
391 10
392 9
393 20
394 9
395 17
396 20
397 12
398 9
399 10
400 27
401 10
402 10
403 12
404 17
405 20
406 10
407 12
408 5
409 10
410 7
411 7
412 12
413 9
414 27
415 12
416 10
417 16
418 24
419 18
420 10
421 9
422 18
423 20
424 9
425 24
426 10
427 27
428 12
429 10
430 20
431 7
432 12
433 10
434 18
435 5
436 10
437 18
438 16
439 10
440 20
441 27
442 20
443 18
444 24
445 10
446 12
447 18
448 10
449 18
450 12
451 10
452 10
453 7
454 24
455 20
456 16
457 16
458 18
459 10
460 24
461 17
462 10
463 10
464 5
465 12
466 18
467 24
468 12
469 10
470 10
471 10
472 18
473 10
474 10
475 12
476 27
477 10
478 9
479 18
480 20
481 24
482 7
483 27
484 20
485 27
486 17
487 20
488 10
489 10
490 17
491 10
492 20
493 9
494 17
495 9
496 20
497 10
498 10
499 20
500 20
501 17
502 10
503 7
504 20
505 12
506 10
507 20
508 10
509 18
510 12
511 10
512 16
513 10
514 20
515 12
516 17
517 12
518 17
519 18
520 24
521 16
522 16
523 7
524 12
525 27
526 9
527 16
528 20
529 16
530 12
531 7
532 20
533 10
534 5
535 17
536 7
537 18
538 20
539 10
540 27
541 24
542 12
543 7
544 17
545 10
546 10
547 18
548 27
549 18
550 10
551 20
552 10
553 12
554 9
555 17
556 12
557 18
558 20
559 17
560 17
561 10
562 5
563 27
564 7
565 27
566 17
567 5
568 16
569 10
570 18
571 12
572 9
573 24
574 5
575 12
576 10
577 12
578 18
579 12
580 24
581 5
582 10
583 20
584 20
585 7
586 20
587 17
588 10
589 12
590 12
591 16
592 20
593 10
594 9
595 18
596 7
597 27
598 10
599 10
600 16
601 20
602 7
603 24
604 27
605 24
606 12
607 27
608 10
609 12
610 10
611 10
612 10
613 10
614 20
615 9
616 10
617 20
618 18
619 16
620 10
621 27
622 9
623 24
624 10
625 17
626 9
627 10
628 10
629 10
630 12
631 20
632 20
633 10
634 20
635 10
636 7
637 17
638 17
639 24
640 12
641 18
642 27
643 10
644 24
645 10
646 12
647 10
648 20
649 24
650 16
651 5
652 20
653 17
654 9
655 20
656 10
657 20
658 17
659 10
660 16
661 10
662 24
663 16
664 18
665 5
666 20
667 17
668 12
669 10
670 20
671 20
672 24
673 17
674 10
675 7
676 10
677 10
678 12
679 27
680 17
681 18
682 18
683 12
684 5
685 18
686 10
687 16
688 12
689 10
690 10
691 12
692 9
693 16
694 24
695 5
696 9
697 5
698 24
699 10
700 10
701 7
702 20
703 10
704 10
705 12
706 24
707 27
708 20
709 7
710 17
711 24
712 9
713 12
714 16
715 27
716 24
717 12
718 7
719 10
720 20
721 10
722 24
723 20
724 10
725 10
726 20
727 5
728 18
729 10
730 16
731 9
732 16
733 10
734 10
735 9
736 20
737 10
738 10
739 18
740 20
741 10
742 27
743 10
744 12
745 12
746 16
747 10
748 10
749 10
750 27
751 16
752 12
753 16
754 27
755 7
756 18
757 27
758 10
759 5
760 12
761 17
762 5
763 10
764 24
765 12
766 27
767 18
768 20
769 24
770 10
771 10
772 10
773 10
774 7
775 10
776 9
777 10
778 18
779 17
780 20
781 24
782 17
783 12
784 10
785 12
786 20
787 27
788 9
789 18
790 20
791 10
792 18
793 10
794 16
795 12
796 24
797 9
798 10
799 5
800 16
801 24
802 10
803 9
804 18
805 10
806 5
807 24
808 12
809 5
810 5
811 12
812 12
813 10
814 9
815 10
816 12
817 12
818 24
819 10
820 18
821 10
822 24
823 18
824 10
825 27
826 10
827 16
828 12
829 7
830 17
831 10
832 20
833 7
834 18
835 10
836 10
837 20
838 10
839 10
840 12
841 16
842 20
843 10
844 10
845 12
846 18
847 5
848 5
849 9
850 12
851 27
852 20
853 12
854 5
855 12
856 27
857 10
858 24
859 20
860 18
861 16
862 18
863 27
864 10
865 10
866 20
867 5
868 12
869 17
870 10
871 18
872 20
873 27
874 7
875 5
876 18
877 17
878 16
879 27
880 9
881 20
882 10
883 17
884 12
885 10
886 7
887 7
888 27
889 5
890 24
891 9
892 18
893 27
894 12
895 9
896 18
897 12
898 10
899 27
900 27
901 20
902 20
903 10
904 12
905 12
906 20
907 10
908 24
909 9
910 12
911 18
912 10
913 5
914 24
915 20
916 10
917 16
918 16
919 10
920 10
921 7
922 24
923 10
924 27
925 12
926 5
927 20
928 18
929 12
930 17
931 10
932 12
933 18
934 9
935 10
936 10
937 9
938 10
939 17
940 5
941 20
942 17
943 7
944 17
945 17
946 10
947 12
948 5
949 10
950 27
951 10
952 18
953 10
954 10
955 5
956 10
957 17
958 20
959 10
960 27
961 7
962 17
963 18
964 27
965 12
966 20
967 20
968 16
969 12
970 7
971 27
972 12
973 17
974 5
975 24
976 18
977 16
978 7
979 9
980 20
981 20
982 10
983 12
984 9
985 10
986 12
987 10
988 17
989 10
990 5
991 16
992 24
993 27
994 27
995 24
996 5
997 10
998 20
999 10
1000 10
1001 18
1002 10
1003 10
1004 17
1005 27
1006 20
1007 18
1008 27
1009 5
1010 20
1011 16
1012 27
1013 16
1014 20
1015 27
1016 12
1017 20
1018 20
1019 10
1020 18
1021 18
1022 10
1023 7
1024 10
1025 10
1026 20
1027 17
1028 10
1029 10
1030 18
1031 10
1032 16
1033 16
1034 12
1035 24
1036 10
1037 9
1038 7
1039 10
1040 17
1041 12
1042 10
1043 7
1044 18
1045 16
1046 20
1047 12
1048 12
1049 12
1050 10
1051 24
1052 24
1053 20
1054 5
1055 12
1056 10
1057 20
1058 10
1059 7
1060 12
1061 10
1062 12
1063 12
1064 10
1065 9
1066 10
1067 27
1068 20
1069 18
1070 20
1071 18
1072 10
1073 24
1074 7
1075 9
1076 5
1077 10
1078 18
1079 10
1080 12
1081 10
1082 16
1083 12
1084 7
1085 7
1086 20
1087 24
1088 17
1089 10
1090 20
1091 16
1092 20
1093 10
1094 7
1095 20
1096 7
1097 20
1098 10
1099 17
1100 12
1101 20
1102 5
1103 5
1104 5
1105 20
1106 10
1107 16
1108 12
1109 20
1110 7
1111 24
1112 5
1113 20
1114 17
1115 12
1116 7
1117 20
1118 18
1119 5
1120 7
1121 7
1122 18
1123 10
1124 27
1125 24
1126 16
1127 10
1128 16
1129 20
1130 18
1131 10
1132 27
1133 9
1134 10
1135 10
1136 10
1137 10
1138 12
1139 20
1140 9
1141 10
1142 16
1143 10
1144 20
1145 12
1146 10
1147 27
1148 10
1149 12
1150 5
1151 7
1152 20
1153 10
1154 24
1155 10
1156 10
1157 27
1158 20
1159 10
1160 7
1161 9
1162 16
1163 12
1164 5
1165 20
1166 24
1167 20
1168 20
1169 16
1170 10
1171 18
1172 10
1173 17
1174 20
1175 10
1176 12
1177 16
1178 17
1179 20
1180 10
1181 10
1182 18
1183 24
1184 16
1185 17
1186 9
1187 5
1188 20
1189 9
1190 10
1191 5
1192 7
1193 24
1194 18
1195 10
1196 12
1197 12
1198 17
1199 27
1200 16
1201 18
1202 24
1203 10
1204 18
1205 9
1206 16
1207 10
1208 20
1209 10
1210 20
1211 10
1212 20
1213 24
1214 20
1215 12
1216 10
1217 20
1218 20
1219 5
1220 16
1221 9
1222 18
1223 10
1224 24
1225 12
1226 17
1227 12
1228 10
1229 10
1230 10
1231 10
1232 10
1233 24
1234 10
1235 10
1236 7
1237 10
1238 10
1239 10
1240 17
1241 27
1242 17
1243 10
1244 10
1245 20
1246 10
1247 10
1248 12
1249 5
1250 18
1251 5
1252 24
1253 9
1254 10
1255 20
1256 10
1257 10
1258 10
1259 10
1260 12
1261 24
1262 17
1263 20
1264 9
1265 18
1266 10
1267 7
1268 20
1269 24
1270 12
1271 12
1272 10
1273 10
1274 18
1275 20
1276 7
1277 10
1278 5
1279 17
1280 10
1281 10
1282 12
1283 17
1284 10
1285 27
1286 7
1287 20
1288 10
1289 20
1290 10
1291 10
1292 12
1293 10
1294 12
1295 12
1296 20
1297 27
1298 12
1299 16
1300 7
; 
 
param Cont:= 
1 0.53
2 0
3 0
4 0.16
5 0.16
6 0.16
7 0.53
8 0.53
9 0.53
10 0.53
11 0.16
12 0
13 0
14 0.16
15 0
16 0.16
17 0.53
18 0.53
19 0.53
20 0.16
21 0.16
22 0
23 0.16
24 0
25 0
26 0.53
27 0.16
28 0
29 0.53
30 0.53
31 0
32 0.53
33 0.53
34 0.53
35 0
36 0
37 0.16
38 0.16
39 0.16
40 0
41 0.16
42 0
43 0
44 0.16
45 0.16
46 0.53
47 0.53
48 0.16
49 0.16
50 0
51 0
52 0.53
53 0.16
54 0.53
55 0
56 0.53
57 0.16
58 0.53
59 0.53
60 0.16
61 0
62 0
63 0
64 0
65 0
66 0
67 0.16
68 0.53
69 0
70 0.16
71 0
72 0.16
73 0.16
74 0.16
75 0
76 0
77 0.16
78 0
79 0
80 0
81 0.53
82 0.16
83 0
84 0.53
85 0.16
86 0
87 0
88 0.53
89 0.16
90 0
91 0
92 0.53
93 0.16
94 0.53
95 0.53
96 0
97 0.53
98 0
99 0.16
100 0.16
101 0.53
102 0.53
103 0
104 0
105 0
106 0
107 0.16
108 0
109 0
110 0.16
111 0.53
112 0.16
113 0.16
114 0.16
115 0
116 0.53
117 0.16
118 0.53
119 0.53
120 0
121 0.16
122 0
123 0.16
124 0.53
125 0.53
126 0.16
127 0.16
128 0.53
129 0.53
130 0.53
131 0.53
132 0
133 0
134 0
135 0.16
136 0.16
137 0.16
138 0.16
139 0.16
140 0.16
141 0.16
142 0
143 0
144 0.16
145 0.16
146 0.53
147 0.16
148 0.53
149 0.53
150 0
151 0.16
152 0.53
153 0
154 0
155 0.16
156 0.16
157 0.53
158 0
159 0
160 0
161 0.53
162 0
163 0
164 0.16
165 0.53
166 0
167 0.16
168 0.16
169 0.16
170 0.53
171 0.16
172 0.16
173 0
174 0
175 0
176 0.53
177 0.16
178 0
179 0
180 0.16
181 0.53
182 0.16
183 0
184 0
185 0.53
186 0.16
187 0.16
188 0.53
189 0
190 0.53
191 0
192 0.53
193 0
194 0.53
195 0.53
196 0.16
197 0.16
198 0
199 0
200 0.16
201 0.53
202 0
203 0.53
204 0.53
205 0.53
206 0.16
207 0
208 0.53
209 0.53
210 0
211 0.53
212 0.16
213 0.53
214 0
215 0.16
216 0
217 0
218 0
219 0
220 0
221 0.16
222 0.16
223 0
224 0.53
225 0.16
226 0.16
227 0.53
228 0
229 0.53
230 0
231 0
232 0
233 0
234 0
235 0.53
236 0
237 0.53
238 0.53
239 0.16
240 0.53
241 0.53
242 0.53
243 0.16
244 0
245 0.53
246 0.53
247 0.16
248 0.16
249 0.16
250 0
251 0
252 0.16
253 0
254 0
255 0
256 0.16
257 0.53
258 0
259 0.16
260 0
261 0.53
262 0
263 0.16
264 0
265 0.16
266 0.53
267 0
268 0.53
269 0.16
270 0.16
271 0.16
272 0
273 0.53
274 0.16
275 0.53
276 0.53
277 0
278 0
279 0
280 0.16
281 0.53
282 0.53
283 0.16
284 0.16
285 0.16
286 0
287 0
288 0.16
289 0.53
290 0.53
291 0
292 0.53
293 0.53
294 0.53
295 0.16
296 0.16
297 0
298 0
299 0
300 0.16
301 0
302 0.53
303 0.16
304 0
305 0.53
306 0.53
307 0.53
308 0
309 0.53
310 0
311 0
312 0.53
313 0.16
314 0.53
315 0.53
316 0.16
317 0
318 0.16
319 0.16
320 0.16
321 0
322 0.16
323 0
324 0.53
325 0.16
326 0.53
327 0.53
328 0.16
329 0.16
330 0.16
331 0.16
332 0.53
333 0
334 0
335 0.16
336 0.53
337 0
338 0.53
339 0.53
340 0.53
341 0.53
342 0
343 0.16
344 0.16
345 0.53
346 0
347 0.53
348 0.53
349 0.53
350 0
351 0.53
352 0.53
353 0.53
354 0
355 0.53
356 0.16
357 0.53
358 0.53
359 0.16
360 0.53
361 0.16
362 0
363 0
364 0
365 0
366 0
367 0.16
368 0
369 0
370 0.53
371 0.53
372 0.16
373 0.53
374 0
375 0.53
376 0.53
377 0.53
378 0
379 0.16
380 0.16
381 0
382 0.16
383 0.53
384 0.53
385 0
386 0.53
387 0.16
388 0.53
389 0.53
390 0.53
391 0
392 0
393 0.53
394 0.16
395 0.53
396 0.16
397 0
398 0.16
399 0.53
400 0
401 0.16
402 0.53
403 0.16
404 0.16
405 0.16
406 0
407 0
408 0.16
409 0
410 0.16
411 0.53
412 0
413 0
414 0
415 0
416 0.53
417 0.53
418 0.53
419 0.53
420 0.53
421 0
422 0.16
423 0.53
424 0.53
425 0.16
426 0.53
427 0
428 0.53
429 0
430 0.53
431 0.16
432 0.53
433 0.53
434 0.16
435 0.53
436 0.16
437 0.16
438 0
439 0.16
440 0
441 0
442 0.53
443 0.16
444 0.53
445 0
446 0.53
447 0
448 0.53
449 0.53
450 0
451 0.53
452 0.16
453 0.53
454 0.53
455 0.16
456 0.16
457 0
458 0.16
459 0.16
460 0.53
461 0.16
462 0.53
463 0
464 0.16
465 0.53
466 0.16
467 0.53
468 0
469 0.16
470 0.16
471 0
472 0
473 0.53
474 0.16
475 0.53
476 0.53
477 0
478 0
479 0.53
480 0.16
481 0.16
482 0.16
483 0.16
484 0.53
485 0
486 0.53
487 0.53
488 0.53
489 0
490 0.53
491 0.53
492 0
493 0.53
494 0.16
495 0
496 0
497 0.16
498 0
499 0
500 0
501 0.16
502 0.16
503 0.16
504 0.53
505 0.16
506 0.16
507 0.53
508 0.16
509 0.53
510 0.53
511 0
512 0.53
513 0.53
514 0
515 0
516 0.16
517 0.16
518 0.16
519 0.53
520 0.16
521 0.16
522 0.53
523 0.16
524 0.16
525 0.53
526 0.53
527 0
528 0
529 0.16
530 0.53
531 0.16
532 0.16
533 0
534 0
535 0
536 0
537 0
538 0
539 0.16
540 0.16
541 0.16
542 0
543 0
544 0.16
545 0.53
546 0
547 0.16
548 0
549 0
550 0.53
551 0.53
552 0
553 0.16
554 0
555 0.16
556 0.16
557 0.53
558 0.16
559 0.53
560 0
561 0.53
562 0.53
563 0
564 0.16
565 0
566 0.16
567 0.53
568 0.16
569 0.53
570 0
571 0.53
572 0
573 0
574 0.53
575 0.53
576 0.16
577 0.53
578 0
579 0.53
580 0.16
581 0.53
582 0
583 0.53
584 0.53
585 0.53
586 0
587 0
588 0.16
589 0
590 0.16
591 0.53
592 0
593 0
594 0.53
595 0.53
596 0
597 0.53
598 0
599 0.16
600 0.16
601 0
602 0.53
603 0.53
604 0
605 0
606 0.53
607 0.53
608 0.16
609 0
610 0.16
611 0.16
612 0
613 0
614 0.53
615 0.53
616 0.16
617 0.53
618 0
619 0
620 0.53
621 0
622 0
623 0
624 0.53
625 0
626 0.16
627 0
628 0.53
629 0.16
630 0.16
631 0.53
632 0
633 0
634 0.53
635 0.16
636 0.53
637 0.53
638 0.53
639 0.53
640 0.16
641 0.16
642 0.53
643 0.53
644 0
645 0
646 0.53
647 0.16
648 0
649 0
650 0.16
651 0.53
652 0
653 0
654 0
655 0.16
656 0.53
657 0.16
658 0
659 0.53
660 0.16
661 0
662 0.53
663 0.53
664 0.16
665 0.53
666 0.16
667 0.16
668 0
669 0.16
670 0.53
671 0
672 0.16
673 0.16
674 0
675 0.16
676 0
677 0.53
678 0.53
679 0.53
680 0.16
681 0.16
682 0
683 0.16
684 0
685 0.53
686 0.16
687 0
688 0.16
689 0
690 0.53
691 0.16
692 0.53
693 0.53
694 0.16
695 0
696 0.16
697 0.53
698 0
699 0.16
700 0.16
701 0
702 0.53
703 0.16
704 0.53
705 0.53
706 0.16
707 0.53
708 0.16
709 0.53
710 0.16
711 0
712 0.16
713 0
714 0.53
715 0
716 0.53
717 0
718 0
719 0
720 0.53
721 0.53
722 0.53
723 0.16
724 0.53
725 0.53
726 0.16
727 0.16
728 0.16
729 0
730 0.53
731 0
732 0
733 0.16
734 0
735 0
736 0
737 0.53
738 0.16
739 0.53
740 0.16
741 0
742 0.53
743 0
744 0
745 0.16
746 0.16
747 0.16
748 0
749 0.16
750 0
751 0.53
752 0
753 0
754 0
755 0.53
756 0.53
757 0.16
758 0
759 0.53
760 0.53
761 0.16
762 0.16
763 0
764 0.16
765 0.53
766 0.53
767 0
768 0.53
769 0
770 0.53
771 0.53
772 0.53
773 0
774 0
775 0.16
776 0.53
777 0.16
778 0
779 0.16
780 0.53
781 0
782 0.53
783 0.16
784 0.53
785 0.53
786 0.53
787 0.16
788 0.53
789 0
790 0.16
791 0.16
792 0.53
793 0.53
794 0.53
795 0.53
796 0
797 0.16
798 0.16
799 0
800 0.53
801 0.53
802 0
803 0.16
804 0.16
805 0.16
806 0
807 0.16
808 0.53
809 0
810 0.53
811 0.53
812 0.53
813 0
814 0.16
815 0
816 0.16
817 0.16
818 0.16
819 0.53
820 0.53
821 0
822 0.16
823 0.53
824 0.16
825 0
826 0.53
827 0
828 0.53
829 0.53
830 0
831 0.53
832 0
833 0.53
834 0.16
835 0.53
836 0
837 0.53
838 0.53
839 0
840 0
841 0.16
842 0.53
843 0
844 0.16
845 0.16
846 0
847 0
848 0.16
849 0.16
850 0.16
851 0
852 0.53
853 0.16
854 0.53
855 0.16
856 0.16
857 0
858 0.16
859 0
860 0.16
861 0
862 0
863 0.16
864 0.53
865 0.53
866 0
867 0.16
868 0.53
869 0.53
870 0.53
871 0.16
872 0.16
873 0.16
874 0.16
875 0.16
876 0.53
877 0.16
878 0.53
879 0.16
880 0.16
881 0.16
882 0.53
883 0.53
884 0.16
885 0
886 0.53
887 0
888 0.53
889 0.16
890 0.16
891 0
892 0.16
893 0.16
894 0.16
895 0
896 0.16
897 0
898 0.53
899 0
900 0.53
901 0
902 0.53
903 0
904 0.53
905 0.53
906 0.53
907 0.16
908 0
909 0
910 0
911 0.16
912 0
913 0
914 0
915 0.16
916 0.53
917 0.16
918 0.16
919 0.53
920 0.16
921 0.16
922 0
923 0
924 0
925 0
926 0.53
927 0.16
928 0.16
929 0
930 0
931 0.53
932 0.53
933 0.16
934 0
935 0.53
936 0.16
937 0.16
938 0.16
939 0
940 0
941 0
942 0.16
943 0.53
944 0
945 0
946 0.16
947 0.53
948 0.16
949 0
950 0.16
951 0.53
952 0.16
953 0.53
954 0.16
955 0.16
956 0.16
957 0
958 0.16
959 0.16
960 0.16
961 0.16
962 0
963 0.53
964 0.16
965 0.53
966 0.16
967 0
968 0.16
969 0
970 0.53
971 0.16
972 0.16
973 0
974 0.16
975 0.16
976 0
977 0.16
978 0.16
979 0
980 0
981 0.16
982 0.53
983 0
984 0.53
985 0.53
986 0.53
987 0.16
988 0.53
989 0.53
990 0
991 0.16
992 0
993 0
994 0.16
995 0
996 0
997 0.16
998 0
999 0.16
1000 0
1001 0
1002 0.16
1003 0.16
1004 0.53
1005 0
1006 0.16
1007 0.16
1008 0.53
1009 0.16
1010 0
1011 0.53
1012 0
1013 0.53
1014 0
1015 0
1016 0.53
1017 0.16
1018 0.53
1019 0.53
1020 0.53
1021 0.53
1022 0
1023 0
1024 0.16
1025 0.16
1026 0.16
1027 0
1028 0.53
1029 0.16
1030 0
1031 0
1032 0
1033 0
1034 0.53
1035 0
1036 0.16
1037 0
1038 0.16
1039 0.16
1040 0.53
1041 0.16
1042 0.53
1043 0.53
1044 0.53
1045 0.16
1046 0.16
1047 0.53
1048 0.16
1049 0
1050 0.16
1051 0.16
1052 0
1053 0
1054 0
1055 0.16
1056 0.53
1057 0.16
1058 0.53
1059 0.16
1060 0
1061 0
1062 0.16
1063 0.16
1064 0.53
1065 0.53
1066 0
1067 0.53
1068 0
1069 0
1070 0.16
1071 0.53
1072 0
1073 0.53
1074 0.53
1075 0.16
1076 0
1077 0.53
1078 0.53
1079 0.16
1080 0.16
1081 0
1082 0.53
1083 0.16
1084 0.16
1085 0
1086 0
1087 0.53
1088 0.16
1089 0
1090 0.16
1091 0.16
1092 0.16
1093 0.53
1094 0.53
1095 0.16
1096 0.16
1097 0.16
1098 0.53
1099 0.53
1100 0.53
1101 0.53
1102 0.53
1103 0.53
1104 0.53
1105 0
1106 0.53
1107 0.16
1108 0
1109 0
1110 0.16
1111 0
1112 0
1113 0.53
1114 0
1115 0.53
1116 0
1117 0.53
1118 0
1119 0.16
1120 0.16
1121 0
1122 0.16
1123 0.16
1124 0.53
1125 0
1126 0.53
1127 0.16
1128 0
1129 0
1130 0.16
1131 0.53
1132 0.53
1133 0.16
1134 0.16
1135 0.16
1136 0.16
1137 0.53
1138 0.16
1139 0.53
1140 0
1141 0
1142 0.16
1143 0.16
1144 0.53
1145 0
1146 0
1147 0
1148 0.53
1149 0.53
1150 0.16
1151 0
1152 0.16
1153 0
1154 0
1155 0
1156 0.16
1157 0.16
1158 0
1159 0.53
1160 0.53
1161 0.16
1162 0.16
1163 0.53
1164 0
1165 0
1166 0
1167 0
1168 0.53
1169 0.53
1170 0
1171 0.53
1172 0.16
1173 0.53
1174 0
1175 0.53
1176 0.16
1177 0
1178 0.53
1179 0.53
1180 0.53
1181 0.53
1182 0
1183 0.16
1184 0.53
1185 0.16
1186 0
1187 0
1188 0
1189 0.16
1190 0.16
1191 0.16
1192 0
1193 0.16
1194 0.16
1195 0.16
1196 0
1197 0.53
1198 0.16
1199 0.53
1200 0.16
1201 0.16
1202 0.53
1203 0.16
1204 0.16
1205 0.53
1206 0.53
1207 0.16
1208 0.53
1209 0.16
1210 0.16
1211 0.53
1212 0.16
1213 0.53
1214 0.16
1215 0.16
1216 0
1217 0.53
1218 0
1219 0.16
1220 0
1221 0.16
1222 0.16
1223 0.53
1224 0
1225 0
1226 0.53
1227 0
1228 0.16
1229 0.16
1230 0
1231 0.16
1232 0.53
1233 0.53
1234 0
1235 0.16
1236 0.16
1237 0.16
1238 0.53
1239 0.16
1240 0.53
1241 0
1242 0.16
1243 0.16
1244 0.16
1245 0.16
1246 0.16
1247 0
1248 0.53
1249 0.53
1250 0.53
1251 0.16
1252 0
1253 0
1254 0
1255 0
1256 0.16
1257 0.53
1258 0.53
1259 0
1260 0.53
1261 0
1262 0.16
1263 0.53
1264 0.16
1265 0
1266 0
1267 0
1268 0.53
1269 0.16
1270 0.53
1271 0
1272 0.16
1273 0.53
1274 0.16
1275 0.53
1276 0.16
1277 0.16
1278 0.16
1279 0.53
1280 0.16
1281 0.16
1282 0
1283 0
1284 0.16
1285 0
1286 0
1287 0.53
1288 0
1289 0.16
1290 0.16
1291 0.16
1292 0
1293 0.16
1294 0
1295 0.16
1296 0.53
1297 0.16
1298 0
1299 0
1300 0
; 
 
